-124
92
-100
92
0000000000000000000000000000000000000000000000000000000000000000000000000000000000000000000000000000000000000000000000000000000000000000000000000000000000000000000000000000000000000000000000000000000000000000000000000
0000000000000000000000000000000000000000000000000000000000000000000000000000000000000000000000000000000000000000000000000000000000000000000000000000000000000000000000000000000000000000000000000000000000000000000000000
0000000000000000000000000000000001111111111111111111111111111111111111111110000000000000000000000000000000000000000000000000000000000000000000000000000000000000000000000000011111111111111111111111111111111111111111100
0000000000000000000000000000000001000000000010000000000000000000000000000010000000000000000000000000000000000000000000000000000000000000000000000000000000000000000000000000010000000000000000000000000000000000000000100
0000000000000000000000000000000001000000000010000000000000000000000000000010000000000000000000000000000000000000000000000000000000000000000000000000000000000000000000000000010000000000000000000000000000000000000000100
0000000000000000000000000000000001000001000010000000000000000000000000000010000000000000000000000000000000000000000000000000000000000000000000000000000000000000000000000000010000010000000000000001111100000000000000100
0000000000000000000000000000000001000001100010000000000000000000000000000010000000000000000000000000000000000000000000000000000000000000000000000000000000000000000000000000010000010000000000000001111100000000000000100
0000000000000000000000000000000001000111110010000000000000001110000000000010000000000000000000000000000000000000000000000000000000000000000000000000000000000000000000000000010000010000000000000001111100000000000000100
0000000000000000000000000000000001000011100010001111100000111111000000000010000000000000000000000000000000000000000000000000000000000000000000000000000000000000000000000000010000010000000000000000000000000000000000100
0000000000000000000000000000000001000000100010001000100000111111000000000010000000000000000000000000000000000000000000000000000000000000000000000000000000000000000000000000010000011110000000001000111000000000000000100
0000000000000000000000000000000001000000000010001000100000011100000000000010000000000000000000000000000000000000000000000000000000000000000000000000000000000000000000000000010000000000000000001001111100001000000000100
0000000000000000000000000000000001000000011110000000000000001000000000000010000000000000000000000000000000000000000000000000000000000000000000000000000000000000000000000000010000000000000000001000001100001000000000100
0000000000000000000000000000000001000000000000000000000000000000000000000010000000000000000000000000000000000000000000000000000000000000000000000000000000000000000000000000010000000000000000001000000000001000000000100
0000000000000000000000000000000001000000000010000000000000000000000010000010000000000000000000000000000000000000000000000000000000000000000000000000000000000000000000000000010000000000000001111000000000000000001000100
0000000000000000000000000000000001000000000111000000000000000001111110000010000000000000000000000000000000000000000000000000000000000000000000000000000000000000000000000000010011111000000001000000000000000000011000100
0000000000000000000000000000000001000000011111000000000000000001000000000010000000000000000000000000000000000000000000000000000000000000000000000000000000000000000000000000010010000000000001000011011110000001110000100
0000000000000000000000000000000001000000011111100000000000000001000000000010000000000000000000000000000000000000000000000000000000000000000000000000000000000000000000000000010010000000000000000011111110000011000000100
0000000000000000000000000000000001000000010101000100000000000000000000000010000000000000000000000000000000000000000000000000000000000000000000000000000000000000000000000000010010000000000000000011111110000010000000100
0000000000000000000000000000000001000000000000000111111000000000000011100010000000000000000000000000000000000000000000000000000000000000000000000000000000000000000000000000010010000000000000000000000000000000000000100
0000000000000000000000000000000001000000000100000000001000000000000010000010000000000000000000000000000000000000000000000000000000000000000000000000000000000000000000000000010010000001111100000000000000000000000000100
0000000000000000000000000000000001000000000100000000001100000000000010000010000000000000000000000000000000000000000000000000000000000000000000000000000000000000000000000000010000000000000100001100000000000111110000100
0000000000000000000000000000000001000000000100000000000100000111000010000010000000000000000000000000000000000000000000000000000000000000000000000000000000000000000000000000010000000000000100000000011000000000010000100
0000000000000000000000000000000001000000000000110000000100000111000000000010000000000000000000000000000000000000000000000000000000000000000000000000000000000000000000000000010001111110000000000000010000000000010000100
0000000000000000000000000000000001000000000001110000000000000000000000000010000000000000000000000000000000000000000000000000000000000000000000000000000000000000000000000000010001111110000000000000010000111000000000100
0000000000000000000000000000000001000000000001111000000000000000000000000010000000000000000000000000000000000000000000000000000000000000000000000000000000000000000000000000010000000010000000000000011000000000000000100
0000000000000000000000000000000001000000000000111100000000000000000000000010000000000000000000000000000000000000000000000000000000000000000000000000000000000000000000000000010000000010000000000000000000000000000000100
0000000000000000000000000000000001000000000000111000000000000000000000000010000000000000000000000000000000000000000000000000000000000000000000000000000000000000000000000000010000000010000000000000000000000011110000100
0000000000000000000000000000000001000000000000110000000000010000000000000010000000000000000000000000000000000000000000000000000000000000000000000000000000000000000000000000010000000000000000000000000000000000000000100
0000000000000000000000000000000001000000000000000000000000010000000000000010000000000000000000000000000000000000000000000000000000000000000000000000000000000000000000000000010000000000000001000000000000000000000000100
0000000000000000000000000000000001000001000000000000000000010000000001110010000000000000000000000000000000000000000000000000000000000000000000000000000000000000000000000000010000000001100000000000000000000000000000100
0000000000000000000000000000000001000001000000000000000001111110000000000010000000000000000000000000000000000000000000000000000000000000000000000000000000000000000000000000010000000001000000001111000000000110111100100
0000000000000000000000000000000001000001000001110000000001000000000000000010000000000000000000000000000000000000000000000000000000000000000000000000000000000000000000000000010000000001000000000001000000000111111100100
0000000000000000000000000000000001000001000001110000000001000110000000000010000000000000000000000000000000000000000000000000000000000000000000000000000000000000000000000000010000000011000100000001000000000111111100100
0000000000000000000000000000000001001111000001110000000111000111111100000010000000000000000000000000000000000000000000000000000000000000000000000000000000000000000000000000010000000010001100000000000000000000000000100
0000000000000000000000000000000001001000000000000000000000000110000000000010000000000000000000000000000000000000000000000000000000000000000000000000000000000000000000000000010000000010001100000000000000000000000000100
0000000000000000000000000000000001000000000000000001000000000000000000000010000000000000000000000000000000000000000000000000000000000000000000000000000000000000000000000000010000111110001100000000001111000000100000100
0000000000000000000000000000000001000000000000000001000000000000000100000010000000000000000000000000000000000000000000000000000000000000000000000000000000000000000000000000010000000000001100000000000001000000100000100
0000000000000000000000000000000001000000000000000001000000000000000100000010000000000000000000000000000000000000000000000000000000000000000000000000000000000000000000000000010000000000000000011111100001000000100000100
0000000000000000000000000000000001000000000000000001000000000011111100000010000000000000000000000000000000000000000000000000000000000000000000000000000000000000000000000000010000000000000000010000000001000000000000100
0000000000000000000000000000000001000000000010000001000000000000100000000010000000000000000000000000000000000000000000000000000000000000000000000000000000000000000000000000010000000000000000010000000001000000000000100
0000000000000000000000000000000001000000000010000011100000000000100000000010000000000000000000000000000000000000000000000000000000000000000000000000000000000000000000000000010000000000000000000000000000000000000000100
0000000000000000000000000000000001000000000010000011100000000000110000000010000000000000000000000000000000000000000000000000000000000000000000000000000000000000000000000000010000000000000000000000000000000000000000100
0000000000000000000000000000000001000000000000000000000000000000010000000010000000000000000000000000000000000000000000000000000000000000000000000000000000000000000000000000010000000000000000000000000000000000000000100
0000000000000000000000000000000001111111111111111111111111111111111111111110000000000000000000000000000000000000000000000000000000000000000000000000000000000000000000000000011111111111111111111111111111111111111111100
0000000000000000000000000000000000000000000000000000000000000000000000000000000000000000000000000000000000000000000000000000000000000000000000000000000000000000000000000000000000000000000000000000000000000000000000000
0000000000000000000000000000000000000000000000000000000000000000000000000000000000000000000000000000000000000000000000000000000000000000000000000000000000000000000000000000000000000000000000000000000000000000000000000
0000000000000000000000000000000000000000000000000000000000000000000000000000000000000000000000000000000000000000000000000000000000000000000000000000000000000000000000000000000000000000000000000000000000000000000000000
0000000000000000000000000000000000000000000000000000000000000000000000000000000000000000000000000000000000000000000000000000000000000000000000000000000000000000000000000000000000000000000000000000000000000000000000000
0000000000000000000000000000000000000000000000000000000000000000000000000000000000000000000000000000000000000000000000000000000000000000000000000000000000000000000000000000000000000000000000000000000000000000000000000
0000000000000000000000000000000000000000000000000000000000000000000000000000000000000000000000000000000000000000000000000000000000000000000000000000000000000000000000000000000000000000000000000000000000000000000000000
0000000000000000000000000000000000000000000000000000000000000000000000000000000000000000000000000000000000000000000000000000000000000000000000000000000000000000000000000000000000000000000000000000000000000000000000000
0000000000000000000000000000000000000000000000000000000000000000000000000000000000000000000000000000000000000000000000000000000000000000000000000000000000000000000000000000000000000000000000000000000000000000000000000
0000000000000000000000000000000000000000000000000000000000000000000000000000000000000000000000000000000000000000000000000000000000000000000000000000000000000000000000000000000000000000000000000000000000000000000000000
0000000000000000000000000000000000000000000000000000000000000000000000000000000000000000000000000000000000000000000000000000000000000000000000000000000000000000000000000000000000000000000000000000000000000000000000000
0000000000000000000000000000000000000000000000000000000000000000000000000000000000000000000000000000000000000000000000000000000000000000000000000000000000000000000000000000000000000000000000000000000000000000000000000
0000000000000000000000000000000000000000000000000000000000000000000000000000000000000000000000000000000000000000000000000000000000000000000000000000000000000000000000000000000000000000000000000000000000000000000000000
0000000000000000000000000000000000000000000000000000000000000000000000000000000000000000000000000000000000000000000000000000000000000000000000000000000000000000000000000000000000000000000000000000000000000000000000000
0000000000000000000000000000000000000000000000000000000000000000000000000000000000000000000000000000000000000000000000000000000000000000000000000000000000000000000000000000000000000000000000000000000000000000000000000
0000000000000000000000000000000000000000000000000000000000000000000000000000000000000000000000000000000000000000000000000000000000000000000000000000000000000000000000000000000000000000000000000000000000000000000000000
0000000000000000000000000000000000000000000000000000000000000000000000000000000000000000000000000000000000000000000000000000000000000000000000000000000000000000000000000000000000000000000000000000000000000000000000000
0000000000000000000000000000000000000000000000000000000000000000000000000000000000000000000000000000000000000000000000000000000000000000000000000000000000000000000000000000000000000000000000000000000000000000000000000
0000000000000000000000000000000000000000000000000000000000000000000000000000000000000000000000000000000000000000000000000000000000000000000000000000000000000000000000000000000000000000000000000000000000000000000000000
0000000000000000000000000000000000000000000000000000000000000000000000000000000000000000000000000000000000000000000000000000000000000000000000000000000000000000000000000000000000000000000000000000000000000000000000000
0000000000000000000000000000000000000000000000000000000000000000000000000000000000000000000000000000000000000000000000000000000000000000000000000000000000000000000000000000000000000000000000000000000000000000000000000
0000000000000000000000000000000000000000000000000000000000000000000000000000000000000000000000000000000000000000000000000000000000000000000000000000000000000000000000000000000000000000000000000000000000000000000000000
0000000000000000000000000000000000000000000000000000000000000000000000000000000000000000000000000000000000000000000000000000000000000000000000000000000000000000000000000000000000000000000000000000000000000000000000000
0000000000000000000000000000000000000000000000000000000000000000000000000000000000000000000000000000000000000000000000000000000000000000000000000000000000000000000000000000000000000000000000000000000000000000000000000
0000000000000000000000000000000000000000000000000000000000000000000000000000000000000000000000000000000000000000000000000000000000000000000000000000000000000000000000000000000000000000000000000000000000000000000000000
0000000000000000000000000000000000000000000000000000000000000000000000000000000000000000000000000000000000000000000000000000000000000000000000000000000000000000000000000000000000000000000000000000000000000000000000000
0000000000000000000000000000000000000000000000000000000000000000000000000000000000000000000000000000000000000000000000000000000000000000000000000000000000000000000000000000000000000000000000000000000000000000000000000
0000000000000000000000000000000000000000000000000000000000000000000000000000000000000000000000000000000000000000000000000000000000000000000000000000000000000000000000000000000000000000000000000000000000000000000000000
0000000000000000000000000000000000000000000000000000000000000000000000000000000000000000000000000000000000000000000000000000000000000000000000000000000000000000000000000000000000000000000000000000000000000000000000000
0000000000000000000000000000000000000000000000000000000000000000000000000000000000000000000000000000000000000000000000000000000000000000000000000000000000000000000000000000000000000000000000000000000000000000000000000
0000000000000000000000000000000000000000000000000000000000000000000000000000000000000000000000000000000000000000000000000000000000000000000000000000000000000000000000000000000000000000000000000000000000000000000000000
0000000000000000000000000000000000000000000000000000000000000000000000000000000000000000000000000000000000000000000000000000000000000000000000000000000000000000000000000000000000000000000000000000000000000000000000000
0000000000000000000000000000000000000000000000000000000000000000000000000000000000000000000000000000000000000000000000000000000000000000000000000000000000000000000000000000000000000000000000000000000000000000000000000
0000000000000000000000000000000000000000000000000000000000000000000000000000000000000000000000000000000000000000000000000000000000000000000000000000000000000000000000000000000000000000000000000000000000000000000000000
0000000000000000000000000000000000000000000000000000000000000000000000000000000000000000000000000000000000001111111111111111111111111111111100000000000000000000000000000000000000000000000000000000000000000000000000000
0000000000000000000000000000000000000000000000000000000000000000000000000000000000000000000000000000000000001000000000000000000000000000000100000000000000000000000000000000000000000000000000000000000000000000000000000
0000000000000000000000000000000000000000000000000000000000000000000000000000000000000000000000000000000000001000000000000000000000000000000100000000000000000000000000000000000000000000000000000000000000000000000000000
0000000000000000000000000000000000000000000000000000000000000000000000000000000000000000000000000000000000001000000000000000000000000000000100000000000000000000000000000000000000000000000000000000000000000000000000000
0000000000000000000000000000000000000000000000000000000000000000000000000000000000000000000000000000000000001000000000000000000000000000000100000000000000000000000000000000000000000000000000000000000000000000000000000
0000000000000000000000000000000000000000000000000000000000000000000000000000000000000000000000000000000000001000000000000000000000000000000100000000000000000000000000000000000000000000000000000000000000000000000000000
0000000000000000000000000000000000000000000000000000000000000000000000000000000000000000000000000000000000001000000000000000000000000000000100000000000000000000000000000000000000000000000000000000000000000000000000000
0000000000000000000000000000000000000000000000000000000000000000000000000000000000000000000000000000000000001000000000000000000000000000000100000000000000000000000000000000000000000000000000000000000000000000000000000
0000000000000000000000000000000000000000000000000000000000000000000000000000000000000000000000000000000000001000000000000000000000000000000100000000000000000000000000000000000000000000000000000000000000000000000000000
0000000000000000000000000000000000000000000000000000000000000000000000000000000000000000000000000000000000001000000100000000000000000000000100000000000000000000000000000000000000000000000000000000000000000000000000000
0000000000000000000000000000000000000000000000000000000000000000000000000000000000000000000000000000000000001000000000000000000000000011100100000000000000000000000000000000000000000000000000000000000000000000000000000
0000000000000000000000000000000000000000000000000000000000000000000000000000000000000000000000000000000000001000000000000000000000000000000100000000000000000000000000000000000000000000000000000000000000000000000000000
0000000000000000000000000000000000000000000000000000000000000000000000000000000000000000000000000000000000001000000000000000000000000000000100000000000000000000000000000000000000000000000000000000000000000000000000000
0000000000000000000000000000000000000000000000000000000000000000000000000000000000000000000000000000000000001000000000000000000000000000000100000000000000000000000000000000000000000000000000000000000000000000000000000
0000000000000000000000000000000000000000000000000000000000000000000000000000000000000000000000000000000000001000000000000000000000000000000100000000000000000000000000000000000000000000000000000000000000000000000000000
0000000000000000000000000000000000000000000000000000000000000000000000000000000000000000000000000000000000001000000000000000000000000000000100000000000000000000000000000000000000000000000000000000000000000000000000000
0000000000000000000000000000000000000000000000000000000000000000000000000000000000000000000000000000000000001000000000000000000000000000000100000000000000000000000000000000000000000000000000000000000000000000000000000
0000000000000000000000000000000000000000000000000000000000000000000000000000000000000000000000000000000000001000000000000000000000000000000100000000000000000000000000000000000000000000000000000000000000000000000000000
0000000000000000000000000000000000000000000000000000000000000000000000000000000000000000000000000000000000001000000000000000000000000000000100000000000000000000000000000000000000000000000000000000000000000000000000000
0000000000000000000000000000000000000000000000000000000000000000000000000000000000000000000000000000000000001000000000000000000000000000000100000000000000000000000000000000000000000000000000000000000000000000000000000
0000000000000000000000000000000000000000000000000000000000000000000000000000000000000000000000000000000000001000000000000000000000000100000100000000000000000000000000000000000000000000000000000000000000000000000000000
0000000000000000000000000000000000000000000000000000000000000000000000000000000000000000000000000000000000001000000000000000000000000000000100000000000000000000000000000000000000000000000000000000000000000000000000000
0000000000000000000000000000000000000000000000000000000000000000000000000000000000000000000000000000000000001000000000000000000000000000000100000000000000000000000000000000000000000000000000000000000000000000000000000
0000000000000000000000000000000000000000000000000000000000000000000000000000000000000000000000000000000000001000000000000000000000000000000100000000000000000000000000000000000000000000000000000000000000000000000000000
0000000000000000000000000000000000000000000000000000000000000000000000000000000000000000000000000000000000001000000000000000000000000000000100000000000000000000000000000000000000000000000000000000000000000000000000000
0000000000000000000000000000000000000000000000000000000000000000000000000000000000000000000000000000000000001000000000000000000000000000000100000000000000000000000000000000000000000000000000000000000000000000000000000
0000000000000000000000000000000000000000000000000000000000000000000000000000000000000000000000000000000000001000000000000000000000000000000100000000000000000000000000000000000000000000000000000000000000000000000000000
0000000000000000000000000000000000000000000000000000000000000000000000000000000000000000000000000000000000001000000000000000000000000000000100000000000000000000000000000000000000000000000000000000000000000000000000000
0000000000000000000000000000000000000000000000000000000000000000000000000000000000000000000000000000000000001000000000000000000000000000000100000000000000000000000000000000000000000000000000000000000000000000000000000
0000000000000000000000000000000000000000000000000000000000000000000000000000000000000000000000000000000000001000000000000000000000000000000100000000000000000000000000000000000000000000000000000000000000000000000000000
0000000000000000000000000000000000000000000000000000000000000000000000000000000000000000000000000000000000001000000000000000000000000000000100000000000000000000000000000000000000000000000000000000000000000000000000000
0000000000000000000000000000000000000000000000000000000000000000000000000000000000000000000000000000000000001111111111111111111111111111111100000000000000000000000000000000000000000000000000000000000000000000000000000
0000000000000000000000000000000000000000000000000000000000000000000000000000000000000000000000000000000000000000000000000000000000000000000000000000000000000000000000000000000000000000000000000000000000000000000000000
0000000000000000000000000000000000000000000000000000000000000000000000000000000000000000000000000000000000000000000000000000000000000000000000000000000000000000000000000000000000000000000000000000000000000000000000000
0000000000000000000000000000000000000000000000000000000000000000000000000000000000000000000000000000000000000000000000000000000000000000000000000000000000000000000000000000000000000000000000000000000000000000000000000
0000000000000000000000000000000000000000000000000000000000000000000000000000000000000000000000000000000000000000000000000000000000000000000000000000000000000000000000000000000000000000000000000000000000000000000000000
0000000000000000000000000000000000000000000000000000000000000000000000000000000000000000000000000000000000000000000000000000000000000000000000000000000000000000000000000000000000000000000000000000000000000000000000000
0000000000000000000000000000000000000000000000000000000000000000000000000000000000000000000000000000000000000000000000000000000000000000000000000000000000000000000000000000000000000000000000000000000000000000000000000
0000000000000000000000000000000000000000000000000000000000000000000000000000000000000000000000000000000000000000000000000000000000000000000000000000000000000000000000000000000000000000000000000000000000000000000000000
0000000000000000000000000000000000000000000000000000000000000000000000000000000000000000000000000000000000000000000000000000000000000000000000000000000000000000000000000000000000000000000000000000000000000000000000000
0000000000000000000000000000000000000000000000000000000000000000000000000000000000000000000000000000000000000000000000000000000000000000000000000000000000000000000000000000000000000000000000000000000000000000000000000
0000000000000000000000000000000000000000000000000000000000000000000000000000000000000000000000000000000000000000000000000000000000000000000000000000000000000000000000000000000000000000000000000000000000000000000000000
0000000000000000000000000000000000000000000000000000000000000000000000000000000000000000000000000000000000000000000000000000000000000000000000000000000000000000000000000000000000000000000000000000000000000000000000000
0000000000000000000000000000000000000000000000000000000000000000000000000000000000000000000000000000000000000000000000000000000000000000000000000000000000000000000000000000000000000000000000000000000000000000000000000
0000000000000000000000000000000000000000000000000000000000000000000000000000000000000000000000000000000000000000000000000000000000000000000000000000000000000000000000000000000000000000000000000000000000000000000000000
0000000000000000000000000000000000000000000000000000000000000000000000000000000000000000000000000000000000000000000000000000000000000000000000000000000000000000000000000000000000000000000000000000000000000000000000000
0000000000000000000000000000000000000000000000000000000000000000000000000000000000000000000000000000000000000000000000000000000000000000000000000000000000000000000000000000000000000000000000000000000000000000000000000
0000000000000000000000000000000000000000000000000000000000000000000000000000000000000000000000000000000000000000000000000000000000000000000000000000000000000000000000000000000000000000000000000000000000000000000000000
0000000000000000000000000000000000000000000000000000000000000000000000000000000000000000000000000000000000000000000000000000000000000000000000000000000000000000000000000000000000000000000000000000000000000000000000000
0000000000000000000000000000000000000000000000000000000000000000000000000000000000000000000000000000000000000000000000000000000000000000000000000000000000000000000000000000000000000000000000000000000000000000000000000
0000000000000000000000000000000000000000000000000000000000000000000000000000000000000000000000000000000000000000000000000000000000000000000000000000000000000000000000000000000000000000000000000000000000000000000000000
0000000000000000000000000000000000000000000000000000000000000000000000000000000000000000000000000000000000000000000000000000000000000000000000000000000000000000000000000000000000000000000000000000000000000000000000000
0000000000000000000000000000000000000000000000000000000000000000000000000000000000000000000000000000000000000000000000000000000000000000000000000000000000000000000000000000000000000000000000000000000000000000000000000
0000000000000000000000000000000000000000000000000000000000000000000000000000000000000000000000000000000000000000000000000000000000000000000000000000000000000000000000000000000000000000000000000000000000000000000000000
0000000000000000000000000000000000000000000000000000000000000000000000000000000000000000000000000000000000000000000000000000000000000000000000000000000000000000000000000000000000000000000000000000000000000000000000000
0000000000000000000000000000000000000000000000000000000000000000000000000000000000000000000000000000000000000000000000000000000000000000000000000000000000000000000000000000000000000000000000000000000000000000000000000
0000000000000000000000000000000000000000000000000000000000000000000000000000000000000000000000000000000000000000000000000000000000000000000000000000000000000000000000000000000000000000000000000000000000000000000000000
0000000000000000000000000000000000000000000000000000000000000000000000000000000000000000000000000000000000000000000000000000000000000000000000000000000000000000000000000000000000000000000000000000000000000000000000000
0000000000000000000000000000000000000000000000000000000000000000000000000000000000000000000000000000000000000000000000000000000000000000000000000000000000000000000000000000000000000000000000000000000000000000000000000
0000000000000000000000000000000000000000000000000000000000000000000000000000000000000000000000000000000000000000000000000000000000000000000000000000000000000000000000000000000000000000000000000000000000000000000000000
0000000000000000000000000000000000000000000000000000000000000000000000000000000000000000000000000000000000000000000000000000000000000000000000000000000000000000000000000000000000000000000000000000000000000000000000000
0000000000000000000000000000000000000000000000000000000000000000000000000000000000000000000000000000000000000000000000000000000000000000000000000000000000000000000000000000000000000000000000000000000000000000000000000
0000000000000000000000000000000000000000000000000000000000000000000000000000000000000000000000000000000000000000000000000000000000000000000000000000000000000000000000000000000000000000000000000000000000000000000000000
0000000000000000000000000000000000000000000000000000000000000000000000000000000000000000000000000000000000000000000000000000000000000000000000000000000000000000000000000000000000000000000000000000000000000000000000000
0000000000000000000000000000000000000000000000000000000000000000000000000000000000000000000000000000000000000000000000000000000000000000000000000000000000000000000000000000000000000000000000000000000000000000000000000
0000000000000000000000000000000001111111111111111111111111111111111111111110000000000000000000000000000000000000000000000000000000000000000000000000000000000000000000000000011111111111111111111111111111111111111111100
0000000000000000000000000000000001000000000000000000000000000000000000000010000000000000000000000000000000000000000000000000000000000000000000000000000000000000000000000000010000000000000000000000000000000000000000100
0000000000000000000000000000000001000000000000000000000000000000000000000010000000000000000000000000000000000000000000000000000000000000000000000000000000000000000000000000010000000010000000000000000000000000000000100
0000000000000000000000000000000001000000000000000000000000000000000000000010000000000000000000000000000000000000000000000000000000000000000000000000000000000000000000000000010000000010000000001000000000000000000000100
0000000000000000000000000000000001000000000000000000000000000000000000000010000000000000000000000000000000000000000000000000000000000000000000000000000000000000000000000000010000000010000000001000000000000000000000100
0000000000000000000000000000000001000000000000000000000000000000000000100010000000000000000000000000000000000000000000000000000000000000000000000000000000000000000000000000010000000010000000001000000000000100000000100
0000000000000000000000000000000001000000011111111100000000011111100000100010000000000000000000000000000000000000000000000000000000000000000000000000000000000000000000000000010000000010000000001000000000000100000000100
0000000000000000000000000000000001000000010000000000000000010000000000100010000000000000000000000000000000000000000000000000000000000000000000000000000000000000000000000000010000000011111100001000000000001100000110100
0000000000000000000000000000000001000000010000000000000000010000000000100010000000000000000000000000000000000000000000000000000000000000000000000000000000000000000000000000010000000000000000001000000000000000000110100
0000000000000000000000000000000001000000010000000000000000010000011100100010000000000000000000000000000000000000000000000000000000000000000000000000000000000000000000000000010000000000000000000000000000000000000110100
0000000000000000000000000000000001000000010000000000000000010000010000100010000000000000000000000000000000000000000000000000000000000000000000000000000000000000000000000000010000000000000000000000000000000011111110100
0000000000000000000000000000000001000000010000111111111000011111110000000010000000000000000000000000000000000000000000000000000000000000000000000000000000000000000000000000010000000000000000000000000000000011111100100
0000000000000000000000000000000001000000010000000000001000000000000000000010000000000000000000000000000000000000000000000000000000000000000000000000000000000000000000000000010000000000000000000000000000000011111100100
0000000000000000000000000000000001000000010000000000001000000000000000000010000000000000000000000000000000000000000000000000000000000000000000000000000000000000000000000000010000000000111110000000001000000000000000100
0000000000000000000000000000000001000000010000000000000000000000000000000010000000000000000000000000000000000000000000000000000000000000000000000000000000000000000000000000010000000000000010000000001000000000000000100
0000000000000000000000000000000001000000000000000000000000111110000000000010000000000000000000000000000000000000000000000000000000000000000000000000000000000000000000000000010000000000000010000000001111100000000000100
0000000000000000000000000000000001000000000000000000000000000010000000000010000000000000000000000000000000000000000000000000000000000000000000000000000000000000000000000000010000000000000000000000000000110000000000100
0000000000000000000000000000000001000000000000000000000000000010000000000010000000000000000000000000000000000000000000000000000000000000000000000000000000000000000000000000010000000000000000000000000000000000000000100
0000000000000000000000000000000001000000000000000000000000000010000000000010000000000000000000000000000000000000000000000000000000000000000000000000000000000000000000000000010000000000000000000000001111000000000000100
0000000000000000000000000000000001000000000000000110000000000000000000000010000000000000000000000000000000000000000000000000000000000000000000000000000000000000000000000000010000000000000000000000001001110000000000100
0000000000000000000000000000000001000111111000000100000000000000000000000010000000000000000000000000000000000000000000000000000000000000000000000000000000000000000000000000010000000000000000000000001000000000000010100
0000000000000000000000000000000001000100000000000100000000000000000000000010000000000000000000000000000000000000000000000000000000000000000000000000000000000000000000000000010001111111000000001000001000000000000010100
0000000000000000000000000000000001000100000000000100000011111111111110000010000000000000000000000000000000000000000000000000000000000000000000000000000000000000000000000000010000000000000000001000001000000000000010100
0000000000000000000000000000000001000100000000000100000010000000000000000010000000000000000000000000000000000000000000000000000000000000000000000000000000000000000000000000010000000000000000011000001000001111100010100
0000000000000000000000000000000001000000000000000100000010000000000000000010000000000000000000000000000000000000000000000000000000000000000000000000000000000000000000000000010000000000000000110000001000000000000010100
0000000000000000000000000000000001000000000000000100000010000000000000000010000000000000000000000000000000000000000000000000000000000000000000000000000000000000000000000000010000001111000000000000000000000000000010100
0000000000000000000000000000000001000000011111111100000010000000000000000010000000000000000000000000000000000000000000000000000000000000000000000000000000000000000000000000010000111000000000000000000000000000000000100
0000000000000000000000000000000001000000000000000000000010000000000000000010000000000000000000000000000000000000000000000000000000000000000000000000000000000000000000000000010000000000000000000000000000000000000000100
0000000000000000000000000000000001000000000000000000000010000001111000000010000000000000000000000000000000000000000000000000000000000000000000000000000000000000000000000000010000000000000000000000000001111100000000100
0000000000000000000000000000000001000000000000000000000000000001000000000010000000000000000000000000000000000000000000000000000000000000000000000000000000000000000000000000010000000000000000000000000000000100000000100
0000000000000000000000000000000001000000000000000000000000000001000000000010000000000000000000000000000000000000000000000000000000000000000000000000000000000000000000000000010000000000000000000000000000001100000000100
0000000000000000000000000000000001000000100000000000000000000001000000000010000000000000000000000000000000000000000000000000000000000000000000000000000000000000000000000000010000000000000000000000000000001000000000100
0000000000000000000000000000000001000000100000000000000000000001000000000010000000000000000000000000000000000000000000000000000000000000000000000000000000000000000000000000010000000000001000000000100000001000000000100
0000000000000000000000000000000001000000100000000000000000000001000000000010000000000000000000000000000000000000000000000000000000000000000000000000000000000000000000000000010000000000001000000000100000001000000000100
0000000000000000000000000000000001000000100000000000000011000001000000000010000000000000000000000000000000000000000000000000000000000000000000000000000000000000000000000000010000000000001000000000100000001000000000100
0000000000000000000000000000000001000000100000000000000001000000000000000010000000000000000000000000000000000000000000000000000000000000000000000000000000000000000000000000010000000001111000000000100000001000000000100
0000000000000000000000000000000001000000100000000000000011000000000000000010000000000000000000000000000000000000000000000000000000000000000000000000000000000000000000000000010000000000000000000000100000001000000000100
0000000000000000000000000000000001000000111111110000000010000000000000000010000000000000000000000000000000000000000000000000000000000000000000000000000000000000000000000000010000000000000000000000111100001000000000100
0000000000000000000000000000000001000000000000000000000011111111100000000010000000000000000000000000000000000000000000000000000000000000000000000000000000000000000000000000010000000000000000000000000000001000000000100
0000000000000000000000000000000001000000000000000000000000000000000000000010000000000000000000000000000000000000000000000000000000000000000000000000000000000000000000000000010000000000000000000000000000001000000000100
0000000000000000000000000000000001000000000000000000000000000000000000000010000000000000000000000000000000000000000000000000000000000000000000000000000000000000000000000000010000000000000000000000000000001000000000100
0000000000000000000000000000000001111111111111111111111111111111111111111110000000000000000000000000000000000000000000000000000000000000000000000000000000000000000000000000011111111111111111111111111111111111111111100
0000000000000000000000000000000000000000000000000000000000000000000000000000000000000000000000000000000000000000000000000000000000000000000000000000000000000000000000000000000000000000000000000000000000000000000000000
0000000000000000000000000000000000000000000000000000000000000000000000000000000000000000000000000000000000000000000000000000000000000000000000000000000000000000000000000000000000000000000000000000000000000000000000000
0000000000000000000000000000000000000000000000000000000000000000000000000000000000000000000000000000000000000000000000000000000000000000000000000000000000000000000000000000000000000000000000000000000000000000000000000
0000000000000000000000000000000000000000000000000000000000000000000000000000000000000000000000000000000000000000000000000000000000000000000000000000000000000000000000000000000000000000000000000000000000000000000000000
0000000000000000000000000000000000000000000000000000000000000000000000000000000000000000000000000000000000000000000000000000000000000000000000000000000000000000000000000000000000000000000000000000000000000000000000000
0000000000000000000000000000000000000000000000000000000000000000000000000000000000000000000000000000000000000000000000000000000000000000000000000000000000000000000000000000000000000000000000000000000000000000000000000
0000000000000000000000000000000000000000000000000000000000000000000000000000000000000000000000000000000000000000000000000000000000000000000000000000000000000000000000000000000000000000000000000000000000000000000000000
0000000000000000000000000000000000000000000000000000000000000000000000000000000000000000000000000000000000000000000000000000000000000000000000000000000000000000000000000000000000000000000000000000000000000000000000000
0000000000000000000000000000000000000000000000000000000000000000000000000000000000000000000000000000000000000000000000000000000000000000000000000000000000000000000000000000000000000000000000000000000000000000000000000
